-37.8037304,175.2787541
-37.8037154,175.2785713
-37.8036947,175.2783673
-37.8036765,175.2781376
-37.8036508,175.2778938
-37.8035962,175.2776322
-37.8035046,175.2773381
-37.8033906,175.2770567
-37.8032806,175.2768589
-37.8031943,175.2767452
-37.8031225,175.2766585
-37.8030379,175.2765586
-37.8029372,175.2764563
-37.802843,175.2763731
-37.8027416,175.2762833
-37.8025675,175.2761302
-37.8023153,175.275894
-37.8020925,175.2756354
-37.8019833,175.2754252
-37.8019614,175.2752497
-37.8019655,175.2750767
-37.8019657,175.2749184
-37.8019472,175.2747743
-37.8018977,175.274631
-37.8018062,175.2745023
-37.8016521,175.2744063
-37.8014492,175.274358
-37.8012669,175.2743409
-37.8011179,175.2742831
-37.8009336,175.2741519
-37.8007137,175.2740079
-37.8005274,175.273898
-37.800377,175.2737925
-37.8002259,175.2736676
-37.8000767,175.2735294
-37.799936,175.2733664
-37.7998152,175.2732006
-37.7997466,175.2730935
-37.7997315,175.2730497
-37.7997435,175.2730186
-37.7997655,175.272932
-37.7997754,175.2727281
-37.7997492,175.2724189
-37.7996765,175.2720547
-37.7995602,175.2716276
-37.7994246,175.2711573
-37.799293,175.2707546
-37.7991547,175.2704753
-37.798976,175.2702743
-37.7987311,175.2701087
-37.7984212,175.2699587
-37.7980757,175.269813
-37.797736,175.2696905
-37.7974495,175.2696226
-37.7972467,175.2696144
-37.7971081,175.2696498
-37.7969858,175.2697129
-37.7968727,175.2697826
-37.7967988,175.2698284
-37.796755,175.2698436
-37.7967063,175.269857
-37.7966622,175.2698916
-37.7966397,175.2699256
-37.7966105,175.269911
-37.796546,175.2698292
-37.7964542,175.2697033
-37.7963534,175.2695719
-37.7962501,175.2694694
-37.796153,175.2694171
-37.7960839,175.2694012
-37.7960241,175.2693695
-37.7959061,175.269309
-37.7957073,175.2692765
-37.7954565,175.2693214
-37.7951819,175.2694427
-37.7949287,175.2695982
-37.7947244,175.2697689
-37.7945345,175.2699905
-37.7943568,175.2702328
-37.7942487,175.2703845
-37.7942033,175.2704156
-37.7941339,175.2703849
-37.7939869,175.270343
-37.7937942,175.2703284
-37.7936166,175.2703744
-37.7934676,175.2704873
-37.7933308,175.2706487
-37.7932031,175.2708504
-37.7930831,175.2711066
-37.7929764,175.2714029
-37.7929052,175.2716889
-37.7928787,175.2719423
-37.7928901,175.2721803
-37.7929445,175.2724186
-37.7930505,175.2726587
-37.7931902,175.2728925
-37.7933349,175.2730985
-37.7934574,175.2732449
-37.7935187,175.2733513
-37.7935012,175.2735342
-37.7934426,175.2738832
-37.7933929,175.2743327
-37.793374,175.2747864
-37.7934201,175.275227
-37.7935801,175.2756063
-37.7938304,175.2758378
-37.7941004,175.2759152
-37.794371,175.2758958
-37.7946526,175.2758086
-37.7949378,175.2756567
-37.7952052,175.2754524
-37.7954351,175.2752102
-37.7956241,175.2749609
-37.7957397,175.2747873
-37.7957329,175.2747893
-37.7956639,175.274964
-37.7956642,175.2751849
-37.7957729,175.2753441
-37.7959473,175.2754178
-37.7961419,175.2754119
-37.796332,175.2753038
-37.796522,175.2750568
-37.7966919,175.2747526
-37.7967989,175.2745657
-37.79686,175.2745473
-37.7969229,175.2746341
-37.7969877,175.2747799
-37.7970202,175.2749595
-37.7970042,175.2751475
-37.7969575,175.2753472
-37.7969166,175.2756221
-37.796921,175.2759987
-37.7969984,175.2763927
-37.7971407,175.2767255
-37.7973166,175.2770151
-37.7975038,175.2773341
-37.797673,175.2776881
-37.7977846,175.2779751
-37.7978245,175.2781373
-37.7978105,175.2782398
-37.7977794,175.2783562
-37.7977666,175.2784916
-37.7977861,175.2786273
-37.7978431,175.2787593
-37.7979436,175.2788852
-37.7980799,175.2789894
-37.7982774,175.2790437
-37.7986127,175.2790203
-37.7990187,175.2789221
-37.7992759,175.2788
-37.7993344,175.278733
-37.799344,175.2787754
-37.7994043,175.2788867
-37.7994912,175.2789696
-37.7995506,175.2790003
-37.7995812,175.2790329
-37.7996278,175.2791025
-37.7997216,175.2791796
-37.7998518,175.2791966
-37.7999934,175.2791147
-37.8001381,175.2789803
-37.8002843,175.27891
-37.8004292,175.2789831
-37.8005793,175.2791403
-37.8007498,175.2792486
-37.8009536,175.2792474
-37.8011666,175.2791724
-37.8013376,175.2790815
-37.8014806,175.2790036
-37.8016636,175.2789339
-37.8018805,175.2788769
-37.8020604,175.2788708
-37.8021966,175.2789314
-37.8023305,175.2790229
-37.8024639,175.2791153
-37.8025786,175.2792104
-37.8026806,175.2793124
-37.8027958,175.2794209
-37.8029388,175.2795259
-37.8030914,175.2796018
-37.8032322,175.2796413
-37.8033647,175.279653
-37.8034973,175.2796186
-37.8036102,175.279527
-37.8036796,175.2794116
-37.8037141,175.2792979
-37.8037251,175.2791874
-37.8037194,175.2790929
-37.8037191,175.2790123
-37.8037291,175.2789068
-37.8037304,175.2787541
-37.8037154,175.2785713
-37.8036947,175.2783673
-37.8036765,175.2781376
-37.8036508,175.2778938
-37.8035962,175.2776322
-37.8035046,175.2773381
-37.8033906,175.2770567
-37.8032806,175.2768589
-37.8031943,175.2767452
-37.8031225,175.2766585
-37.8030379,175.2765586
-37.8029372,175.2764563
-37.802843,175.2763731
-37.8027416,175.2762833
-37.8025675,175.2761302
-37.8023153,175.275894
-37.8020925,175.2756354
-37.8019833,175.2754252
-37.8019614,175.2752497
-37.8019655,175.2750767
-37.8019657,175.2749184
-37.8019472,175.2747743
-37.8018977,175.274631
-37.8018062,175.2745023
-37.8016521,175.2744063
-37.8014492,175.274358
-37.8012669,175.2743409
-37.8011179,175.2742831
-37.8009336,175.2741519
-37.8007137,175.2740079
-37.8005274,175.273898
-37.800377,175.2737925
-37.8002259,175.2736676
-37.8000767,175.2735294
-37.799936,175.2733664
-37.7998152,175.2732006
-37.7997466,175.2730935
-37.7997315,175.2730497
-37.7997435,175.2730186
-37.7997655,175.272932
-37.7997754,175.2727281
-37.7997492,175.2724189
-37.7996765,175.2720547
-37.7995602,175.2716276
-37.7994246,175.2711573
-37.799293,175.2707546
-37.7991547,175.2704753
-37.798976,175.2702743
-37.7987311,175.2701087
-37.7984212,175.2699587
-37.7980757,175.269813
-37.797736,175.2696905
-37.7974495,175.2696226
-37.7972467,175.2696144
-37.7971081,175.2696498
-37.7969858,175.2697129
-37.7968727,175.2697826
-37.7967988,175.2698284
-37.796755,175.2698436
-37.7967063,175.269857
-37.7966622,175.2698916
-37.7966397,175.2699256
-37.7966105,175.269911
-37.796546,175.2698292
-37.7964542,175.2697033
-37.7963534,175.2695719
-37.7962501,175.2694694
-37.796153,175.2694171
-37.7960839,175.2694012
-37.7960241,175.2693695
-37.7959061,175.269309
-37.7957073,175.2692765
-37.7954565,175.2693214
-37.7951819,175.2694427
-37.7949287,175.2695982
-37.7947244,175.2697689
-37.7945345,175.2699905
-37.7943568,175.2702328
-37.7942487,175.2703845
-37.7942033,175.2704156
-37.7941339,175.2703849
-37.7939869,175.270343
-37.7937942,175.2703284
-37.7936166,175.2703744
-37.7934676,175.2704873
-37.7933308,175.2706487
-37.7932031,175.2708504
-37.7930831,175.2711066
-37.7929764,175.2714029
-37.7929052,175.2716889
-37.7928787,175.2719423
-37.7928901,175.2721803
-37.7929445,175.2724186
-37.7930505,175.2726587
-37.7931902,175.2728925
-37.7933349,175.2730985
-37.7934574,175.2732449
-37.7935187,175.2733513
-37.7935012,175.2735342
-37.7934426,175.2738832
-37.7933929,175.2743327
-37.793374,175.2747864
-37.7934201,175.275227
-37.7935801,175.2756063
-37.7938304,175.2758378
-37.7941004,175.2759152
-37.794371,175.2758958
-37.7946526,175.2758086
-37.7949378,175.2756567
-37.7952052,175.2754524
-37.7954351,175.2752102
-37.7956241,175.2749609
-37.7957397,175.2747873
-37.7957329,175.2747893
-37.7956639,175.274964
-37.7956642,175.2751849
-37.7957729,175.2753441
-37.7959473,175.2754178
-37.7961419,175.2754119
-37.796332,175.2753038
-37.796522,175.2750568
-37.7966919,175.2747526
-37.7967989,175.2745657
-37.79686,175.2745473
-37.7969229,175.2746341
-37.7969877,175.2747799
-37.7970202,175.2749595
-37.7970042,175.2751475
-37.7969575,175.2753472
-37.7969166,175.2756221
-37.796921,175.2759987
-37.7969984,175.2763927
-37.7971407,175.2767255
-37.7973166,175.2770151
-37.7975038,175.2773341
-37.797673,175.2776881
-37.7977846,175.2779751
-37.7978245,175.2781373
-37.7978105,175.2782398
-37.7977794,175.2783562
-37.7977666,175.2784916
-37.7977861,175.2786273
-37.7978431,175.2787593
-37.7979436,175.2788852
-37.7980799,175.2789894
-37.7982774,175.2790437
-37.7986127,175.2790203
-37.7990187,175.2789221
-37.7992759,175.2788
-37.7993344,175.278733
-37.799344,175.2787754
-37.7994043,175.2788867
-37.7994912,175.2789696
-37.7995506,175.2790003
-37.7995812,175.2790329
-37.7996278,175.2791025
-37.7997216,175.2791796
-37.7998518,175.2791966
-37.7999934,175.2791147
-37.8001381,175.2789803
-37.8002843,175.27891
-37.8004292,175.2789831
-37.8005793,175.2791403
-37.8007498,175.2792486
-37.8009536,175.2792474
-37.8011666,175.2791724
-37.8013376,175.2790815
-37.8014806,175.2790036
-37.8016636,175.2789339
-37.8018805,175.2788769
-37.8020604,175.2788708
-37.8021966,175.2789314
-37.8023305,175.2790229
-37.8024639,175.2791153
-37.8025786,175.2792104
-37.8026806,175.2793124
-37.8027958,175.2794209
-37.8029388,175.2795259
-37.8030914,175.2796018
-37.8032322,175.2796413
-37.8033647,175.279653
-37.8034973,175.2796186
-37.8036102,175.279527
-37.8036796,175.2794116
-37.8037141,175.2792979
-37.8037251,175.2791874
-37.8037194,175.2790929
-37.8037191,175.2790123
-37.8037291,175.2789068
-37.8037304,175.2787541
